cardboard|0,835198652435497|14,2035296292609|1087,13340633399|1087,13340633398|0,715321858723958
cardboard|0,867653348295503|26,010925141243|1252,60846045198|1252,608460452|0,72021484375
cardboard|0,828550685603316|9,11955821307079|1105,58713602781|1105,58713602779|0,678802490234376
cardboard|0,884949026657822|58,5517034019932|1073,07329960472|1073,07329960471|0,634363810221355
cardboard|0,78751254202813|3,13592314373219|971,745935485841|971,745935485846|0,667612711588542
cardboard|0,855797533518146|15,9038957318819|851,965399749732|851,965399749728|0,674733479817708
cardboard|0,858613492457398|7,98500508646998|2219,11522550019|2219,11522550021|0,749969482421877
cardboard|0,847157580422473|2,88981482732073|1074,51680870893|1074,51680870891|0,75316365559896
cardboard|0,82878856783559|19,406501466346|943,920801336098|943,920801336108|0,636500040690103
cardboard|0,884747049747965|6,0664310905001|1255,83736913721|1255,8373691372|0,732645670572917
cardboard|0,899336538997999|3,23217592150725|1596,17588969274|1596,17588969274|0,799362182617188
cardboard|0,801209165287963|76,9463160113842|861,011889954667|861,011889954664|0,482533772786457
cardboard|0,653230770502477|149,813685966497|299,607075832347|299,607075832346|0,292704264322916
cardboard|0,932281336568772|1,39596091498559|1540,28028188041|1540,28028188041|0,903645833333334
cardboard|0,854073714262912|6,94349374146093|1062,9963980624|1062,9963980624|0,737111409505208
cardboard|0,846273694067544|34,7882193851171|1280,12761404764|1280,12761404764|0,639419555664064
cardboard|0,895541667695105|5,20220634719937|1497,66490074599|1497,66490074599|0,804545084635419
cardboard|0,817208506209554|45,4426974347857|807,562312944452|807,562312944459|0,610102335611978
cardboard|0,857277872580813|8,96873977086746|1090,9437984772|1090,9437984772|0,714772542317709
cardboard|0,810551694020699|5,81311870084041|948,830741394266|948,830741394267|0,680277506510417
cardboard|0,924802564696846|7,56571435453955|2108,21899164118|2108,2189916412|0,844584147135416
cardboard|0,849106265527933|8,92469322939221|1249,89779125162|1249,89779125161|0,704650878906251
cardboard|0,889082577088105|6,99996202195132|1765,3601711544|1765,3601711544|0,803558349609375
cardboard|0,878120972969629|34,2789712556733|1700,91567754485|1700,91567754486|0,588353474934897
cardboard|0,862863006159264|6,30663853804217|1010,45362886654|1010,45362886654|0,742574055989584
cardboard|0,900305254806876|2,06294484654862|2176,95280640639|2176,95280640638|0,845382690429688
cardboard|0,811464485058494|30,7206875794262|1078,31897531938|1078,31897531938|0,532313028971354
cardboard|0,822126706554983|9,9250294844969|877,740985352862|877,740985352856|0,668462117513021
cardboard|0,865382936132413|12,9178630247662|824,539433205926|824,539433205922|0,654724121093751
cardboard|0,880065638156276|12,0323164019501|1191,68254013638|1191,68254013638|0,711558024088542
cardboard|0,869908209331964|4,17699197240098|998,793551383269|998,79355138327|0,766652425130209
cardboard|0,84360464606438|15,0345176045101|1082,239283055|1082,23928305502|0,573791503906252
cardboard|0,892961558936245|4,84085974270475|1504,27341073109|1504,27341073108|0,810496012369792
cardboard|0,882913390127663|7,8869859834772|1605,28467995385|1605,28467995385|0,767120361328125
cardboard|0,858414699050753|11,0811674910277|2004,33661212125|2004,33661212124|0,727025349934897
cardboard|0,867947443439513|23,9261885680518|1599,98673207536|1599,98673207536|0,628311157226563
cardboard|0,87137658168031|13,3963592197493|1009,17997570862|1009,17997570862|0,695159912109376
cardboard|0,815536239029364|18,4446840525602|819,854848443399|819,854848443404|0,632105509440105
cardboard|0,81038679679517|30,1286475470003|715,44324118932|715,443241189316|0,588973999023438
cardboard|0,8117481461474|21,7293769268214|739,013029368816|739,013029368827|0,626932779947917
cardboard|0,802430804087843|16,0753413849608|1052,00338653882|1052,00338653882|0,575185712689908
cardboard|0,777110118409386|21,5947667914985|635,238047760315|635,238047760312|0,524729481420985
cardboard|0,755036627240273|7,49519849043905|1121,55106186076|1121,55106186076|0,582792821820321
cardboard|0,746448976021409|56,852884859391|776,237386670374|776,237386670388|0,440948486328124
cardboard|0,799787084229794|13,7496108382795|1212,22691894388|1212,22691894388|0,564933959694986
cardboard|0,819642119705247|14,6924837176553|605,657605552342|605,657605552343|0,621767409862719
cardboard|0,766032546160299|31,7894340504538|569,050116202074|569,050116202072|0,471038999957195
cardboard|0,68895725036116|27,7886847673476|256,932567383182|256,932567383185|0,372005943973638
cardboard|0,8386405887812|38,805365200117|371,452838905404|371,452838905404|0,518450803180787
cardboard|0,847672612737982|13,5217656409921|929,014154744022|929,014154744025|0,636306950448954
cardboard|0,757135589219875|54,6423688034493|916,654470092183|916,654470092182|0,495783730158731
cardboard|0,742428386458115|60,6291345521342|1567,17073140461|1567,17073140461|0,435914776662047
cardboard|0,744806774115424|7,71024524954737|1608,30322427257|1608,30322427257|0,565052496693119
cardboard|0,744121665702604|17,3334063446865|622,474853673082|622,474853673082|0,472945441988945
cardboard|0,678664264824119|82,3612965340178|195,616174582794|195,616174582792|0,295433859223306
cardboard|0,776253402926625|7,94348894348894|504,645967005966|504,645967005966|0,588014331946378
cardboard|0,859090109038911|50,0176000726151|763,616774076424|763,616774076424|0,560353597005209
cardboard|0,809719768961657|33,4679053455668|827,059105884021|827,059105884022|0,574320475260417
cardboard|0,84595017493939|10,1705113486455|1787,84592511248|1787,84592511247|0,713282267252606
cardboard|0,778187262524997|5,71700950466244|1869,38175562475|1869,38175562475|0,62236022949219
cardboard|0,859036467292047|23,2101256185764|1035,49183388621|1035,49183388622|0,581635880566805
cardboard|0,76293631812435|14,5259985645229|669,384396537557|669,384396537552|0,588180541992189
cardboard|0,805446043191073|21,3097586255634|845,292507498784|845,292507498785|0,64775594075521
cardboard|0,787827253645063|6,44630808523614|1172,35244412252|1172,35244412251|0,626056035511425
cardboard|0,792558761445171|6,83368521756342|806,146092435584|806,146092435575|0,626508763227512
glass|0,597124489605383|124,543949428055|119,621202999288|119,621202999288|0,258269252516114
glass|0,531089724407549|52,943235326028|147,893262449819|147,893262449816|0,258648751795977
glass|0,595053342244071|272,735658042746|128,829302587178|128,82930258718|0,197502065412839
glass|0,651205197494038|312,738505600161|97,7657137012221|97,765713701222|0,209908749329038
glass|0,745426611037087|34,6786067337327|312,29359772053|312,293597720529|0,387738997113999
glass|0,729117887898184|124,388597901707|315,697467084838|315,697467084835|0,319483439127604
glass|0,588072254471769|73,7279922649696|189,945607447217|189,94560744722|0,281104621763758
glass|0,619454404568049|66,2992045001364|178,686543668535|178,686543668535|0,290562792740045
glass|0,703872718259376|76,6354806382815|200,605776395917|200,605776395917|0,293358962761947
glass|0,44088061295554|136,554848719938|80,6509542280841|80,6509542280848|0,16919207829301
glass|0,781363771819847|991,265353377031|133,514106583072|133,514106583072|0,142781575520833
glass|0,770232441405479|104,116402321083|192,001702127659|192,001702127659|0,288504464285715
glass|0,74094701813217|135,159727902872|148,263185086321|148,263185086321|0,240027695105819
glass|0,70155502578783|59,303561343209|248,455616336673|248,455616336672|0,370144065366975
glass|0,700260417273318|142,382755561189|148,490398631093|148,490398631097|0,24753702309237
glass|0,653010925663671|150,994374282433|113,154152315347|113,154152315348|0,28024453024453
glass|0,533712401735704|142,797033400918|86,1585387543129|86,1585387543133|0,229007820136853
glass|0,674785700002051|145,581473597473|249,49824898716|249,49824898716|0,257989654195011
glass|0,67092974704772|194,719121176688|139,842944181181|139,842944181183|0,241340898288973
glass|0,481271961486817|181,16153048148|97,1061817294202|97,1061817294208|0,178181541405706
glass|0,77887946400935|88,509054537797|129,743419667298|129,743419667298|0,306140209508461
glass|0,624634412744105|207,75934139785|96,5741935483866|96,5741935483863|0,232035928143715
glass|0,808215571606589|253,885365409149|156,531838891926|156,531838891923|0,28692896586345
glass|0,48799803402448|202,988135092558|61,7333595903898|61,73335959039|0,177484184404601
glass|0,421864569676224|99,4513948040887|90,8391183986364|90,8391183986354|0,206835799859054
glass|0,477613280814779|183,053767123288|63,6408390410956|63,6408390410953|0,192898431048719
glass|0,63773525267554|85,8120475931956|156,937115454216|156,937115454217|0,279090909090908
glass|0,554805115552527|248,863386564945|103,5924225771|103,5924225771|0,22197187141217
glass|0,61586599868167|145,490780035302|97,7731250234732|97,7731250234737|0,210603328271325
glass|0,883990008452315|55,7597618856088|425,483404392245|425,483404392243|0,514391882944915
glass|0,854233346080639|5,24511451523497|874,097920864386|874,097920864386|0,674194428625661
glass|0,380202860769661|204,590737427946|65,7198568872989|65,7198568872989|0,127944946289062
glass|0,661769932493476|87,5273626548957|221,446701767448|221,446701767447|0,286911010742187
glass|0,67451677239136|26,4065520664612|226,976836128675|226,976836128677|0,376633343828713
glass|0,772211479867376|256,876556599983|162,197718325701|162,1977183257|0,291932968231445
glass|0,567919086474059|516,693751735628|79,366009441822|79,3660094418234|0,164080085297951
glass|0,558476618211921|97,2545899022153|132,884553981241|132,884553981243|0,226455169920462
glass|0,731381766537411|1199,47746570868|46,2159372958854|46,215937295886|0,143212601960637
glass|0,76387700309261|218,299031731833|168,825922222807|168,825922222807|0,266142868147027
glass|0,565418719290793|65,8674011410585|180,881526657485|180,881526657484|0,271249573087432
glass|0,692930889344858|40,7014458935788|190,766906954455|190,766906954455|0,41297838656388
glass|0,83340728421752|18,112806996036|266,934126108455|266,934126108454|0,601193985849062
glass|0,644375807202568|194,55609273288|104,200502493434|104,200502493435|0,220629241416383
glass|0,745301610980214|180,586427159796|142,33243929983|142,33243929983|0,281401445936282
glass|0,789565119039437|684,591672874759|76,4353116463868|76,4353116463866|0,126712256927693
glass|0,860752201394042|365,162793089264|162,100370218018|162,100370218017|0,197835286458333
glass|0,78062731570168|49,567523020112|351,75559852291|351,755598522912|0,410093591576761
glass|0,709066358098017|15,4284408954571|267,76658125261|267,766581252609|0,462839018111607
glass|0,754524753824654|344,496109420855|203,705312188687|203,705312188688|0,257923611111109
glass|0,651876506617663|26,9442399372398|263,351487538471|263,351487538466|0,363399122807014
glass|0,755485676020382|676,694934662535|101,59477300283|101,59477300283|0,150671862948078
glass|0,596033715712817|45,2204022844128|228,461756184161|228,461756184162|0,303695678710938
glass|0,857254980513633|10,8568098515827|774,321738311454|774,32173831146|0,648045857747397
glass|0,816198640266188|8,89544787077825|405,13814977973|405,138149779727|0,634078212290497
glass|0,773579606932474|78,7480013607756|213,889819697229|213,889819697231|0,346823196271604
metal|0,630573294945898|46,3437286098266|304,363628775107|304,363628775112|0,304662068684896
metal|0,721362317883397|51,1244020249873|170,40374343969|170,403743439688|0,325045289855072
metal|0,788640315429694|155,756283493093|309,858983067905|309,858983067907|0,250624243341405
metal|0,614190140467021|41,9591064801598|141,246122371302|141,246122371305|0,311092033983602
metal|0,702200598434395|55,6076599719759|210,521345165804|210,521345165803|0,310441026354861
metal|0,807817029892545|86,4195213116149|293,018306538959|293,018306538957|0,344888960506268
metal|0,853955203838173|216,271551877242|171,146485276879|171,146485276878|0,202481300345224
metal|0,654176322363271|19,5111026760296|358,36514202569|358,365142025694|0,403569240196088
metal|0,598006868804906|142,259693615773|101,463827603899|101,4638276039|0,217394075561293
metal|0,801651924974352|160,728051140695|119,972728872207|119,972728872208|0,241150098292956
metal|0,580019749723969|10,016225824991|239,823480666676|239,823480666676|0,452417521284825
metal|0,567454980831061|52,5524796482835|168,048530086723|168,048530086724|0,266843285891089
metal|0,719261643553481|185,906160046057|118,763513081302|118,763513081302|0,254970397794922
metal|0,697892355455113|32,4908386556382|212,868830488953|212,868830488951|0,359590072588173
metal|0,800340465726225|93,8462710982224|332,637222098295|332,637222098295|0,339807849007981
metal|0,630491053669219|71,8380675004284|135,959534007196|135,959534007197|0,294821803782121
metal|0,785280650215912|25,424223024095|308,295503045822|308,295503045822|0,447867792722348
metal|0,578102865306988|24,2154365959243|148,875451377891|148,875451377891|0,348047538200338
metal|0,612230799049851|46,6995130914102|206,664198438219|206,66419843822|0,316365559895836
metal|0,8341016129577|36,3963789442314|328,622098871212|328,622098871211|0,424865463754351
metal|0,807208132326333|125,258789736792|303,936890656504|303,936890656504|0,362432432432432
metal|0,81558430087501|48,980613203519|501,070031599622|501,07003159962|0,415053318760526
metal|0,855693452640724|82,7605666262083|490,321492771216|490,321492771217|0,439112424438684
metal|0,732555894069566|24,921853814865|566,529742388755|566,529742388753|0,390033075650933
metal|0,708321787947237|27,6848462033158|254,757250639188|254,75725063919|0,44856992084433
metal|0,743203167651715|199,582179748437|213,465884337011|213,465884337011|0,239740566037736
metal|0,518962253667333|43,0293154734066|143,815782088939|143,815782088937|0,291824991264849
metal|0,606234948120384|31,5999050783104|163,891088661378|163,891088661377|0,319187153739612
metal|0,70069660948815|23,5374648129445|200,700496379226|200,700496379227|0,417919428130111
metal|0,749864656414332|9,64223120782684|815,428613339794|815,428613339794|0,544196862418442
metal|0,573595622693609|12,7269141884505|234,252176079044|234,252176079043|0,427692945075754
metal|0,568349729696911|41,7771776542229|168,223298914483|168,223298914484|0,288162231445313
metal|0,683388849906007|35,3568148634064|198,582199462514|198,582199462514|0,359642313546424
metal|0,778576058228416|38,9931205138555|276,210473666658|276,210473666655|0,447626005530416
metal|0,787942959262807|52,1524926686215|217,003131368357|217,003131368357|0,360950142629041
metal|0,519892370536406|46,1358793567471|133,867190106543|133,867190106543|0,277442486176932
metal|0,691813311057607|35,5437167434629|389,788684574676|389,788684574682|0,356541951497395
metal|0,742492835927194|37,0153613293829|371,132165399976|371,132165399976|0,39159604519774
metal|0,680980793656555|51,2147995889003|235,126959146968|235,12695914697|0,316731770833333
metal|0,853624008983093|24,7124693499193|492,952251659586|492,952251659583|0,555411617772105
metal|0,871524451077335|18,2405332058438|372,852159118074|372,852159118076|0,623942796981926
metal|0,71140378355426|82,6097268042019|297,802894628824|297,802894628824|0,334559122721354
metal|0,824173962617709|111,24776346334|456,826425749694|456,826425749692|0,374669392903646
metal|0,737004754557018|16,4698331767968|434,193926383113|434,193926383118|0,45489501953125
metal|0,757741132398174|24,9335025174047|371,730250926214|371,730250926213|0,424542542404132
metal|0,791586982277921|39,4875365887657|466,579333736004|466,579333736008|0,437886555989583
metal|0,493539888016862|147,416875463176|100,195115926175|100,195115926174|0,151840063443072
metal|0,845229157755415|87,0249631620006|561,652827135883|561,652827135885|0,354156434184678
metal|0,538958685315272|48,9069119286512|345,977215719063|345,977215719061|0,2919921875
metal|0,595471498410311|93,4478870377896|117,305431396451|117,305431396451|0,21303670360111
metal|0,398837530156984|86,0776484861852|97,6563723597851|97,656372359783|0,184458414713542
metal|0,792831071250312|46,684935145425|206,809509053081|206,809509053082|0,385149190110826
metal|0,691702934888051|47,3390982768116|232,130537414435|232,130537414438|0,346196173291498
metal|0,752924870711722|81,1405529953919|235,645712987604|235,645712987605|0,313456217447917
metal|0,768772356092306|41,9166921939721|340,556703914333|340,55670391433|0,416905428216065
metal|0,814022042743061|12,2814863182191|332,462690193461|332,462690193463|0,579864046210199
metal|0,758770683397055|20,3939277401072|215,11209391762|215,112093917621|0,455177814630552
metal|0,883434430391474|9,24147420489776|150,215452677048|150,215452677048|0,659022038567491
metal|0,869199846519698|43,9257937455238|455,834208641683|455,834208641685|0,510953356752534
metal|0,760497147745034|74,0148321794757|224,579309438262|224,579309438262|0,386155785484049
metal|0,860222158401884|31,6853060340828|324,970741966413|324,970741966414|0,494857510177844
metal|0,801797817331268|73,3261989528794|371,56142408377|371,56142408377|0,364303588867186
metal|0,555531181193796|50,1149378019945|129,594530687777|129,594530687775|0,270194444444443
metal|0,831355764416311|29,519805116777|361,26055799524|361,260557995243|0,43245464852608
metal|0,711477530972846|81,5032618627682|255,718034807369|255,718034807369|0,301104371416871
metal|0,722657099127351|40,6514197505789|274,581955559165|274,581955559164|0,377026457862697
metal|0,727496931362563|109,05694688148|158,868293720423|158,868293720421|0,292177074190016
metal|0,737532477949098|20,3132024894834|285,170919755298|285,17091975531|0,449066790617852
metal|0,771260938930403|142,482607628089|144,469143886071|144,469143886072|0,27090909090909
metal|0,598347049998314|128,652700985611|101,407912359628|101,407912359627|0,210057421514314
paper|0,640414746870991|11,6357945693301|353,144057422659|353,144057422662|0,460118537103652
paper|0,853132126955779|9,06410289169965|687,790784038162|687,790784038174|0,597152709960936
paper|0,863340453282562|22,9504641783088|558,900344990597|558,90034499058|0,551412598582411
paper|0,870979143336563|20,1370547688139|693,551111762072|693,55111176208|0,585676679837662
paper|0,840139123792244|23,7671618593949|539,205256040205|539,205256040208|0,503977457682291
paper|0,772172452601503|25,0023310617158|377,344283803579|377,344283803582|0,436395877572347
paper|0,888388585070075|10,3561207283303|862,169459012076|862,169459012073|0,666676980198023
paper|0,798030938686074|38,0627882003663|398,997624913137|398,997624913134|0,402603149414061
paper|0,876970282731442|51,3103016267725|542,908505912952|542,908505912953|0,562254525273224
paper|0,787091223551374|14,1117989803351|448,833426159974|448,833426159973|0,484333499335996
paper|0,773398388017333|39,5870963428494|593,695005682958|593,695005682956|0,380376180013021
paper|0,88951011071221|40,0621164276497|536,741714837232|536,741714837235|0,484827677408854
paper|0,877098773535951|18,0839873030762|625,797041851274|625,797041851278|0,60729471842448
paper|0,835515055632875|13,5401687569355|524,986411507297|524,986411507298|0,60573508522727
paper|0,740885856325336|88,432948501115|196,813172537196|196,813172537204|0,220419476141084
paper|0,816091123822124|61,310438778415|377,616756808054|377,616756808059|0,375228881835936
paper|0,873375917871772|26,3092834423217|718,983918446371|718,983918446366|0,514902750651042
paper|0,813912154747798|28,9264811282935|544,340613953038|544,340613953039|0,418696085611978
paper|0,876926371172997|14,8212960481979|797,632564408607|797,632564408611|0,626419067382812
paper|0,810951493793457|15,623739966888|453,466500408659|453,466500408661|0,524316543600561
paper|0,82389288205294|10,1789839536839|661,760230825174|661,760230825172|0,558915751689189
paper|0,657493453570146|46,9271687076139|242,4885096262|242,488509626197|0,362482961098878
paper|0,794082228156787|27,2689967507622|435,626914729461|435,62691472946|0,405431111653645
paper|0,854828726585262|11,2231919980311|633,103065780685|633,103065780677|0,578674316406248
paper|0,801946372034417|10,3341068875702|544,105183792569|544,105183792547|0,538366649797573
paper|0,814286567812384|30,7313063521117|407,202336564751|407,202336564748|0,480175781249997
paper|0,625029249119644|203,823679595627|199,330874767899|199,330874767902|0,216383928571429
paper|0,837643051023759|16,0335975531455|455,219329683284|455,219329683284|0,524472227664577
paper|0,844723016873407|18,1631214125405|550,327911179965|550,327911179975|0,518249752964431
paper|0,867915543359993|16,4467587454971|603,998156147029|603,998156147012|0,595835367838542
paper|0,882870586750939|7,51725468086997|772,836562713263|772,836562713249|0,698379476127324
paper|0,762319560985292|23,0382667852036|296,739824513933|296,739824513931|0,415005053016571
paper|0,864260499047063|58,427339247801|549,242948134668|549,242948134665|0,536621093750001
paper|0,856823793197929|69,7944475261456|526,067958275269|526,067958275268|0,375940958658853
paper|0,663042835486067|200,197443612529|202,265924941104|202,265924941104|0,218063354492188
paper|0,886102199577678|12,4579964465455|659,007216486776|659,007216486781|0,661902146883292
paper|0,878989351943714|31,1393553759594|564,143156074176|564,143156074176|0,580319195073292
paper|0,860704083352254|58,5861784312504|347,797458102302|347,797458102306|0,40742197910982
paper|0,824067371055392|18,6138638127528|530,569482455778|530,569482455777|0,50002042483661
paper|0,764412408756507|152,828954198285|196,149615641299|196,149615641299|0,265989480604867
paper|0,825512277279524|88,0869034470729|336,864355054351|336,86435505435|0,349995930989583
paper|0,651656194595562|143,740041873856|151,307877518975|151,307877518976|0,228222954892966
paper|0,823984933194131|39,6335315705963|472,333607877812|472,333607877812|0,419926961263019
paper|0,899433204194113|12,037364603856|866,692909930917|866,692909930918|0,630604383680556
paper|0,807525413728259|52,4034215347318|460,83286271161|460,832862711611|0,420464022610391
paper|0,741712507639849|59,0521354367066|313,239112945532|313,239112945532|0,290822347005208
paper|0,89091149128996|7,67097325248544|768,933331281358|768,933331281357|0,660990397135417
paper|0,796411419827877|28,0421122604872|486,660652850825|486,660652850824|0,446598958333337
paper|0,849771427102582|18,1596191444778|611,845404571312|611,8454045713|0,585855317225508
paper|0,765481919913594|57,0481377177724|317,876777382039|317,876777382041|0,368438720703125
plastic|0,66508846601488|39,0404745523804|303,567012904201|303,567012904203|0,338104802106027
plastic|0,659756112262301|7,49247336879846|441,233111999897|441,233111999897|0,515255797202939
plastic|0,590682279707045|18,149203803701|274,807835423531|274,807835423528|0,405970255533854
plastic|0,380704550593831|40,2695492180313|105,029611315547|105,029611315546|0,247947080291969
plastic|0,725514128646154|24,2266840095201|330,680771572481|330,680771572482|0,417348117348123
plastic|0,784839964002198|7,89287566241289|523,750022133131|523,750022133134|0,572949275362325
plastic|0,673963220815404|17,1885856508288|575,105466927079|575,10546692708|0,439642857142859
plastic|0,685397701767348|22,5147079422889|324,700406219358|324,700406219357|0,388124130132221
plastic|0,806681594743316|9,58692628650911|525,988169843741|525,988169843751|0,559661172161175
plastic|0,672104895560998|22,8084371591923|302,740011236324|302,740011236322|0,38913323045267
plastic|0,563549219133612|44,9907818368045|151,44223083566|151,44223083566|0,279459635416668
plastic|0,786050785398718|12,1465964146003|484,370699799629|484,370699799627|0,524878694800567
plastic|0,648722531718281|38,9157692840966|174,831215048296|174,831215048296|0,330477150537635
plastic|0,600159993970515|26,7376725838264|259,524283956237|259,524283956239|0,334984187937657
plastic|0,70022165303286|25,1820974405752|388,369077641252|388,369077641253|0,379170735677082
plastic|0,690134437517421|28,302754534905|213,640811091434|213,640811091434|0,358467432950194
plastic|0,561700695764569|63,3579739007388|128,65630732142|128,656307321422|0,244177416052416
plastic|0,693712411353604|32,0845884098368|219,734748010609|219,734748010608|0,353198043699185
plastic|0,809823577773077|23,9436943934472|400,979663889277|400,979663889275|0,457570822994214
plastic|0,688512504567866|29,1159602741642|331,756309573763|331,756309573761|0,353171578590785
plastic|0,708689535250991|15,6514796401515|412,008143939396|412,008143939397|0,448065173116093
plastic|0,589666810337988|39,2768403683399|289,980092617235|289,980092617234|0,393494470509382
plastic|0,73521241986821|14,508482930785|293,305131099838|293,305131099838|0,456207927112345
plastic|0,675533457906672|26,3651697357772|429,870273877311|429,870273877312|0,358240763346353
plastic|0,712315893587808|22,6830032768202|413,030795533002|413,030795532998|0,464106241861979
plastic|0,679499943645051|45,2555653376934|208,856160650651|208,856160650651|0,331250260384123
plastic|0,57316250744799|14,2274723538705|255,116777251184|255,116777251183|0,405021498771496
plastic|0,6425357814593|71,9267572356763|220,374145641716|220,374145641716|0,251934523809526
plastic|0,636213546516114|34,5297085022828|230,359982120619|230,359982120617|0,334969626967827
plastic|0,837396676494336|8,40632487812943|535,079009336529|535,079009336535|0,606119791666669
plastic|0,700821440148383|18,1757593385133|233,351560227697|233,351560227696|0,42758412393846
plastic|0,6921789963111|29,9258390804598|186,473839080461|186,473839080461|0,376076356468515
plastic|0,694150499167197|23,1792392906143|347,850322678996|347,850322678994|0,413285450268815
plastic|0,685233021635592|55,8420205673651|258,45933271008|258,459332710082|0,363075365028489
plastic|0,606167360952562|102,128788920989|144,192873847846|144,192873847845|0,320271996945172
plastic|0,739792205649688|17,0472541197299|345,799354909119|345,799354909116|0,458895343660965
plastic|0,649146165263971|38,4146756824442|230,918256949661|230,918256949661|0,342053865131574
plastic|0,806532675246777|23,1609895756864|392,67958694269|392,67958694269|0,48151290208554
plastic|0,841515003861038|39,7856240045213|669,232913733751|669,232913733749|0,494969685872395
plastic|0,802540052472908|9,79640397542167|393,196709142647|393,19670914265|0,610934285114425
plastic|0,617621880262499|105,60776511875|137,08669648815|137,086696488157|0,317875436005406
plastic|0,748143339213165|49,000148128946|218,633380858036|218,633380858035|0,379092261904764
plastic|0,730356572917224|12,8473000357611|510,542585528669|510,542585528671|0,502960264999925
plastic|0,658535549288736|47,1746951219512|194,164446529079|194,164446529079|0,320929672447009
plastic|0,638060957458492|15,0083107641655|277,278556635334|277,278556635327|0,432062224669603
plastic|0,63514256431964|18,9458042180559|336,889393765829|336,889393765827|0,410846511044175
plastic|0,603846418266448|47,6214557962256|164,329701589664|164,329701589666|0,357508441679292
plastic|0,761384160476617|9,5165177529817|370,365806123992|370,365806123996|0,570286939778651
plastic|0,650122839225952|15,8325602038771|297,974486727945|297,974486727944|0,453018893623649
plastic|0,65170645866156|53,3372613569759|286,043906575388|286,043906575393|0,407882690429688
plastic|0,683636310296269|22,7525036095872|327,166191163733|327,166191163736|0,440343221028645
plastic|0,73839174685791|15,6635245264584|512,548286811895|512,548286811899|0,46353137351779
plastic|0,633570647488573|42,8021704224572|168,862576822986|168,862576822984|0,309094331872949
plastic|0,664110638260616|29,6480806948725|237,414854408686|237,414854408685|0,350218900966184
plastic|0,588875202405296|29,0379219978418|173,597502697704|173,597502697705|0,32939444057567
plastic|0,71260496461762|39,275591880033|158,101981773469|158,101981773468|0,336937361396552
plastic|0,778783771741389|30,4076064019739|311,29078336526|311,290783365264|0,475080007711589
plastic|0,760235931210823|25,4742660318834|235,557419029069|235,557419029069|0,448851402761809
plastic|0,663950055608505|49,2642222609303|212,425396272428|212,425396272429|0,318004564287768
plastic|0,711591196100684|38,0547495329285|320,621496964039|320,621496964041|0,359711021505372
